12
17
23
26
32
33
34
35
36
42
44
47
48
61
64
66
73
77
78
83
89
91
104
112
122
129
133
134
138
140
141
147
153
154
159
161
162
163
164
171
173
174
187
189
192
193
194
198
200
207
209
219
220
222
225
228
235
242
250
256
259
262
263
276
278
282
288
294
296
306
307
311
312
317
320
325
331
334
337
344
347
349
355
359
367
370
372
379
382
387
391
394
395
400
404
406
407
411
416
430
431
438
446
450
454
463
468
469
470
474
476
477
484
489
496
503
508
516
518
519
522
524
525
526
528
535
537
541
544
549
550
552
554
555
559
565
577
583
589
590
592
597
605
609
612
620
622
625
632
633
635
648
654
657
671
672
680
685
688
689
695
699
700
709
710
711
726
729
731
733
739
740
753
754
761
764
767
768
770
774
793
796
804
805
810
812
818
820
822
823
827
828
829
830
845
849
850
851
859
860
865
867
871
887
888
889
892
898
899
900
902
904
906
908
912
915
919
929
936
943
950
951
954
958
962
964
965
966
967
977
980
987
989
991
993
996
997
999
1001
1002
1008
1010
1011
1014
1015
1024
1036
1043
1050
1057
1060
1064
1068
1071
1073
1077
1078
1079
1082
1101
1106
1112
1113
1119
1127
1129
1130
1140
1147
1151
1152
1156
1158
1168
1171
1172
1174
1182
1191
1194
1204
1205
1207
1209
1212
1214
1226
1229
1230
1234
1237
1239
1240
1248
1258
1263
1268
1269
1270
1273
1279
1287
1294
1299
1304
1309
1312
1314
1315
1323
1325
1326
1327
1332
1333
1334
1345
1346
1348
1364
1365
1378
1384
1385
1388
1390
1393
1395
1402
1404
1405
1406
1408
1409
1414
1418
1420
1421
1426
1427
1434
1436
1442
1450
1451
1453
1455
1457
1468
1470
1479
1480
1483
1485
1486
1488
1492
1494
1498
1499
1501
1504
1512
1515
1517
1521
1524
1526
1528
1529
1532
1539
1548
1555
1556
1557
1559
1563
1576
1579
1580
1586
1590
1593
1594
1597
1604
1607
1610
1611
1612
1622
1627
1630
1633
1636
1643
1649
1650
1651
1654
1661
1662
1669
1673
1676
1680
1683
1684
1688
1690
1699
1707
1708
1711
1713
1714
1717
1721
1723
1729
1732
1733
1734
1738
1739
1741
1750
1752
1754
1758
1759
1761
1765
1766
1768
1777
1780
1787
1789
1800
1806
1809
1810
1821
1825
1828
1832
1834
1836
1840
1841
1843
1845
1853
1854
1858
1861
1864
1870
1881
1892
1894
1896
1898
1902
1903
1904
1906
1915
1922
1928
1930
1937
1938
1941
1945
1950
1952
1954
1960
1963
1971
1977
1978
1980
1981
1985
1989
1995
1999
2001
2002
2004
2006
2012
2015
2020
2025
2027
2034
2037
2039
2042
2043
2047
2049
2051
2055
2056
2061
2068
2069
2095
2096
2104
2108
2116
2117
2120
2126
2132
2134
2139
2151
2153
2155
2156
2158
2166
2170
2172
2176
2178
2179
2180
2182
2186
2187
2191
2192
2193
2194
2196
2197
2199
2208
2212
2215
2219
2221
2224
2234
2237
2238
2241
2247
2249
2253
2255
2256
2260
2265
2277
2279
2280
2284
2287
2291
2293
2306
2307
2310
2311
2315
2318
2320
2321
2323
2334
2335
2342
2347
2350
2354
2355
2359
2362
2368
2373
2384
2392
2401
2403
2405
2410
2411
2413
2419
2420
2423
2433
2436
2439
2442
2443
2445
2448
2458
2461
2465
2466
2468
2471
2472
2478
2480
2481
2483
2490
2494
2496
2500
2501
2502
2512
2514
2518
2519
2533
2534
2539
2544
2545
2547
2554
2555
2558
2559
2564
2569
2571
2572
2579
2590
2594
2595
2599
2603
2609
2611
2625
2627
2634
2635
2645
2647
2648
2653
2662
2664
2666
2669
2680
2682
2683
2684
2691
2697
2702
2704
2710
2713
2715
2722
2730
2735
2737
2738
2744
2745
2749
2755
2757
2759
2763
2765
2766
2774
2778
2779
2782
2783
2791
2795
2796
2801
2804
2807
2816
2817
2820
2826
2834
2841
2844
2845
2848
2855
2858
2864
2866
2867
2868
2869
2870
2873
2881
2899
2906
2914
2919
2931
2934
2937
2939
2953
2956
2957
2958
2962
2969
2975
2976
2987
2988
2989
2990
2992
2995
3002
3003
3007
3011
3013
3024
3027
3034
3042
3047
3051
3053
3061
3063
3066
3074
3077
3083
3085
3088
3092
3100
3103
3105
3106
3107
3108
3110
3116
3122
3124
3133
3134
3135
3138
3140
3145
3146
3147
3149
3150
3155
3157
3159
3161
3163
3165
3169
3175
3181
3183
3184
3185
3188
3202
3204
3205
3211
3214
3229
3231
3233
3236
3240
3242
3244
3247
3253
3254
3259
3260
3261
3269
3270
3273
3279
3280
3282
3284
3290
3292
3303
3308
3320
3330
3331
3336
3337
3338
3339
3343
3349
3350
3354
3355
3356
3359
3363
3365
3367
3369
3373
3374
3379
3380
3382
3392
3395
3396
3401
3406
3408
3412
3413
3416
3417
3420
3421
3424
3430
3433
3436
3439
3441
3450
3452
3466
3477
3484
3487
3489
3491
3493
3496
3497
3499
3500
3506
3508
3509
3510
3511
3522
3524
3525
3529
3539
3548
3549
3550
3551
3555
3564
3565
3575
3576
3577
3585
3586
3588
3596
3599
3603
3604
3605
3608
3609
3614
3621
3622
3625
3627
3628
3629
3634
3635
3642
3644
3645
3646
3656
3658
3662
3663
3664
3671
3678
3679
3681
3688
3694
3695
3698
3699
3700
3704
3705
3713
3714
3732
3735
3740
3743
3748
3749
3751
3752
3758
3759
3763
3767
3773
3779
3781
3784
3786
3788
3790
3792
3797
3806
3807
3811
3817
3818
3824
3827
3828
3830
3834
3835
3847
3849
3856
3859
3860
3861
3865
3866
3874
3879
3887
3889
3890
3898
3899
3907
3912
3913
3921
3932
3935
3936
3939
3945
3949
3953
3956
3961
3969
3970
3971
3974
3983
3987
3988
3991
3993
3997
3998
4005
4008
4009
4012
4013
4014
4016
4017
4019
4023
4028
4033
4034
4035
4037
4046
4052
4058
4067
4091
4092
4093
4095
4100
4106
4111
4120
4121
4129
4131
4133
4136
4137
4138
4140
4146
4149
4152
4158
4163
4164
4168
4169
4170
4171
4189
4190
4196
4200
4201
4209
4215
4220
4221
4223
4224
4228
4231
4232
4237
4241
4242
4244
4247
4253
4255
4256
4263
4269
4270
4271
4272
4273
4280
4281
4283
4287
4291
4292
4296
4300
4303
4307
4315
4318
4322
4325
4327
4333
4338
4339
4345
4347
4359
4360
4361
4365
4367
4370
4371
4372
4376
4379
4386
4387
4389
4391
4392
4404
4434
4436
4439
4441
4452
4470
4471
4479
4481
4484
4496
4500
4502
4508
4510
4514
4517
4519
4520
4524
4526
4537
4540
4544
4548
4549
4551
4553
4562
4563
4565
4566
4570
4571
4576
4579
4584
4587
4591
4595
4597
4604
4605
4607
4611
4612
4622
4623
4625
4627
4628
4631
4634
4636
4643
4644
4648
4651
4656
4671
4675
4679
4683
4685
4686
4687
4691
4693
4694
4701
4702
4705
4706
4710
4714
4715
4718
4723
4735
4737
4742
4743
4747
4748
4753
4754
4760
4773
4776
4779
4782
4783
4790
4792
4793
4794
4797
4799
4801
4808
4815
4823
4828
4830
4832
4836
4837
4841
4842
4846
4848
4849
4857
4869
4873
4876
4879
4882
4885
4897
4898
4902
4905
4907
4910
4911
4913
4929
4946
4951
4955
4958
4961
4962
4966
4968
4972
4973
4974
4976
4984
4987
4990
4991
4992
4995
5001
5004
5006
5007
5016
5018
5020
5023
5024
5026
5027
5029
5032
5033
5045
5047
5052
5057
5058
5061
5065
5068
5071
5073
5078
5084
5086
5090
5093
5094
5097
5101
5107
5108
5114
5121
5122
5124
5129
5130
5134
5138
5143
5153
5156
5168
5169
5171
5173
5177
5181
5183
5186
5189
5190
5191
5202
5203
5208
5215
5217
5219
5223
5231
5236
5244
5245
5246
5257
5258
5259
5260
5262
5269
5273
5283
5285
5288
5290
5292
5297
5303
5304
5307
5310
5311
5318
5327
5336
5337
5338
5344
5345
5351
5358
5360
5363
5368
5369
5373
5374
5387
5388
5389
5391
5396
5404
5405
5406
5408
5410
5413
5414
5417
5420
5424
5433
5440
5445
5448
5450
5451
5453
5455
5457
5467
5478
5483
5487
5489
5496
5499
5508
5509
5511
5514
5515
5519
5524
5526
5527
5536
5541
5542
5544
5547
5563
5566
5568
5574
5579
5582
5585
5591
5592
5599
5600
5601
5603
5605
5609
5611
5624
5625
5630
5631
5636
5637
5639
5644
5648
5654
5658
5668
5669
5680
5686
5695
5697
5699
5700
5704
5705
5710
5713
5715
5718
5728
5730
5731
5735
5738
5740
5742
5752
5756
5757
5764
5765
5769
5780
5782
5783
5784
5786
5789
5796
5803
5805
5806
5813
5814
5817
5821
5824
5826
5831
5836
5838
5840
5843
5850
5851
5859
5860
5861
5864
5867
5873
5881
5884
5885
5888
5889
5893
5895
5899
5901
5903
5905
5908
5909
5910
5911
5918
5920
5923
5930
5938
5947
5948
5951
5960
5961
5964
5971
5980
5983
5984
5990
5992
6004
6009
6011
6020
6023
6025
6030
6033
6038
6043
6061
6065
6066
6067
6070
6073
6074
6078
6079
6088
6091
6095
6096
6100
6103
6104
6105
6123
6128
6130
6131
6134
6135
6140
6141
6156
6158
6162
6166
6170
6171
6172
6174
6175
6176
6177
6179
6180
6181
6183
6187
6189
6196
6208
6210
6221
6223
6224
6225
6229
6230
6236
6238
6243
6247
6250
6251
6261
6262
6264
6267
6270
6272
6275
6279
6285
6289
6290
6291
6299
6304
6305
6320
6329
6341
6344
6349
6352
6353
6362
6363
6366
6367
6369
6371
6374
6375
6381
6382
6395
6400
6411
6417
6418
6419
6427
6429
6433
6434
6436
6438
6442
6447
6448
6455
6458
6459
6462
6466
6470
6472
6474
6475
6476
6482
6483
6486
6495
6499
6501
6503
6506
6515
6523
6524
6536
6547
6548
6549
6550
6551
6556
6560
6564
6569
6595
6597
6602
6605
6609
6610
6612
6622
6626
6627
6635
6636
6637
6638
6648
6652
6654
6658
6660
6674
6684
6689
6694
6695
6697
6698
6703
6704
6706
6707
6708
6714
6726
6727
6731
6734
6735
6736
6738
6740
6748
6753
6755
6766
6773
6777
6781
6782
6784
6794
6805
6806
6810
6822
6824
6825
6833
6836
6839
6840
6844
6845
6847
6848
6849
6852
6858
6864
6866
6868
6869
6874
6883
6887
6893
6896
6899
6900
6909
6910
6911
6912
6914
6916
6917
6919
6930
6931
6939
6943
6947
6948
6950
6958
6959
6968
6971
6976
6983
7002
7003
7006
7007
7011
7016
7018
7023
7025
7029
7033
7036
7039
7040
7045
7050
7062
7064
7072
7073
7075
7078
7079
7080
7088
7089
7090
7092
7093
7095
7105
7108
7113
7121
7125
7128
7129
7130
7133
7138
7150
7152
7154
7159
7163
7166
7168
7177
7180
7182
7184
7185
7193
7194
7197
7205
7213
7214
7219
7222
7223
7234
7241
7243
7250
7256
7261
7263
7271
7279
7285
7289
7295
7298
7305
7308
7322
7323
7325
7327
7334
7336
7351
7361
7365
7369
7370
7373
7375
7381
7385
7389
7394
7396
7398
7410
7411
7413
7417
7419
7421
7425
7431
7437
7446
7454
7458
7466
7467
7468
7474
7477
7479
7481
7483
7490
7491
7493
7497
7503
7513
7519
7521
7524
7526
7530
7535
7536
7538
7540
7544
7558
7565
7566
7570
7572
7575
7578
7586
7590
7594
7600
7601
7606
7611
7619
7621
7629
7631
7633
7637
7653
7654
7655
7663
7667
7683
7685
7692
7696
7697
7699
7704
7713
7718
7721
7729
7731
7735
7736
7740
7748
7749
7751
7753
7762
7767
7775
7777
7781
7790
7791
7795
7803
7809
7810
7814
7819
7820
7821
7831
7836
7838
7840
7847
7853
7854
7859
7863
7864
7872
7876
7877
7878
7883
7884
7885
7898
7900
7901
7905
7908
7910
7911
7914
7915
7923
7925
7926
7932
7939
7940
7953
7959
7963
7964
7968
7974
7976
7980
7991
7996
8001
8004
8005
8008
8012
8017
8019
8026
8037
8040
8042
8043
8044
8049
8051
8053
8062
8063
8064
8067
8072
8075
8076
8079
8082
8083
8084
8093
8095
8096
8098
8106
8108
8116
8117
8121
8127
8130
8137
8139
8142
8150
8163
8164
8166
8169
8174
8186
8188
8197
8199
8202
8203
8204
8211
8213
8216
8218
8223
8226
8232
8235
8248
8250
8252
8253
8254
8260
8261
8262
8263
8269
8272
8280
8282
8296
8301
8302
8310
8311
8312
8313
8315
8316
8317
8322
8332
8336
8338
8341
8342
8346
8351
8360
8372
8374
8381
8384
8385
8388
8391
8397
8398
8403
8409
8422
8425
8426
8427
8437
8442
8443
8445
8449
8452
8453
8456
8462
8465
8466
8467
8468
8470
8475
8477
8478
8482
8483
8495
8506
8517
8523
8529
8530
8533
8536
8549
8550
8558
8559
8568
8581
8585
8587
8588
8595
8596
8602
8610
8615
8617
8618
8628
8633
8645
8655
8663
8665
8670
8676
8688
8690
8691
8699
8702
8706
8710
8720
8723
8725
8727
8731
8732
8738
8741
8744
8748
8750
8755
8756
8757
8760
8764
8768
8770
8771
8776
8783
8784
8790
8794
8806
8809
8811
8813
8814
8815
8819
8838
8840
8841
8847
8856
8862
8865
8872
8878
8879
8883
8885
8886
8891
8900
8905
8909
8920
8923
8926
8929
8930
8932
8933
8936
8939
8944
8948
8958
8960
8961
8962
8966
8967
8968
8969
8970
8971
8973
8975
8978
8979
8980
8985
8987
8988
8989
8995
8999
9000
9004
9005
9016
9018
9020
9027
9029
9032
9036
9042
9045
9049
9058
9059
9063
9066
9068
9073
9078
9080
9086
9098
9099
9100
9106
9108
9114
9117
9121
9123
9136
9144
9148
9153
9160
9161
9166
9173
9175
9181
9184
9185
9191
9196
9197
9200
9205
9208
9209
9214
9215
9218
9227
9230
9238
9242
9245
9251
9252
9255
9259
9269
9270
9271
9272
9283
9285
9287
9288
9289
9290
9295
9296
9299
9306
9307
9308
9316
9318
9324
9325
9327
9333
9336
9339
9342
9343
9358
9359
9362
9365
9377
9386
9388
9389
9392
9393
9394
9398
9406
9407
9409
9410
9411
9413
9417
9418
9419
9420
9421
9422
9424
9429
9432
9434
9446
9458
9460
9463
9465
9466
9469
9476
9488
9490
9491
9496
9497
9499
9504
9508
9512
9515
9516
9518
9520
9523
9524
9526
9528
9537
9541
9542
9545
9549
9551
9557
9562
9566
9573
9576
9577
9579
9584
9585
9587
9596
9600
9605
9609
9613
9614
9615
9618
9621
9623
9629
9634
9637
9638
9644
9650
9654
9656
9659
9664
9666
9668
9671
9679
9684
9691
9693
9702
9703
9707
9709
9713
9717
9718
9721
9729
9733
9734
9735
9749
9755
9756
9762
9763
9774
9776
9789
9790
9792
9797
9800
9805
9807
9808
9810
9813
9825
9828
9830
9832
9834
9839
9842
9845
9848
9851
9852
9855
9859
9860
9867
9868
9869
9872
9874
9877
9878
9879
9882
9884
9887
9896
9904
9911
9918
9920
9926
9938
9940
9942
9944
9945
9949
9959
9961
